Timestep,Iteration,Total Reward,Suboptimal Arms,Total Regret,Zeros Count,Ones Count
2,1,2.0,1,0.04,0,2
3,1,2.0,2,0.13,1,2
100,1,93.0,7,0.33,7,93
200,1,178.0,7,0.33,22,178
2000,1,1770.0,7,0.33,230,1770
10000,1,8932.0,7,0.33,1068,8932
20000,1,17815.0,7,0.33,2185,17815
40000,1,35633.0,7,0.33,4367,35633
60000,1,53425.0,7,0.33,6575,53425
80000,1,71202.0,7,0.33,8798,71202
100000,1,88979.0,7,0.33,11021,88979
200000,1,177934.0,7,0.33,22066,177934
400000,1,356036.0,7,0.33,43964,356036
600000,1,534215.0,7,0.33,65785,534215
800000,1,712124.0,7,0.33,87876,712124
1000000,1,889858.0,7,0.33,110142,889858
2,2,2.0,1,0.04,0,2
3,2,3.0,2,0.13,0,3
100,2,86.0,17,0.88,14,86
200,2,169.0,22,1.08,31,169
2000,2,1790.0,33,1.52,210,1790
10000,2,8912.0,33,1.52,1088,8912
20000,2,17841.0,33,1.52,2159,17841
40000,2,35607.0,33,1.52,4393,35607
60000,2,53411.0,33,1.52,6589,53411
80000,2,71375.0,33,1.52,8625,71375
100000,2,89109.0,33,1.52,10891,89109
200000,2,178163.0,33,1.52,21837,178163
400000,2,356179.0,33,1.52,43821,356179
600000,2,534253.0,33,1.52,65747,534253
800000,2,712187.0,33,1.52,87813,712187
1000000,2,890223.0,33,1.52,109777,890223
2,3,1.0,1,0.04,1,1
3,3,2.0,2,0.13,1,2
100,3,89.0,99,4.41,11,89
200,3,182.0,199,8.41,18,182
2000,3,1718.0,1999,81.26,282,1718
10000,3,8578.0,9999,401.26,1422,8578
20000,3,17095.0,19999,801.26,2905,17095
40000,3,34061.0,39999,1601.26,5939,34061
60000,3,51014.0,59999,2401.26,8986,51014
80000,3,67986.0,79999,3201.26,12014,67986
100000,3,84938.0,99999,4001.26,15062,84938
200000,3,170169.0,199999,8001.26,29831,170169
400000,3,340233.0,399999,16001.26,59767,340233
600000,3,510032.0,599999,24001.26,89968,510032
800000,3,680160.0,799999,32001.26,119840,680160
1000000,3,850134.0,999999,40001.26,149866,850134
2,4,2.0,1,0.04,0,2
3,4,3.0,2,0.13,0,3
100,4,79.0,41,2.09,21,79
200,4,165.0,44,2.21,35,165
2000,4,1761.0,44,2.21,239,1761
10000,4,8819.0,44,2.21,1181,8819
20000,4,17770.0,44,2.21,2230,17770
40000,4,35620.0,44,2.21,4380,35620
60000,4,53360.0,44,2.21,6640,53360
80000,4,71144.0,44,2.21,8856,71144
100000,4,88948.0,44,2.21,11052,88948
200000,4,177986.0,44,2.21,22014,177986
400000,4,355942.0,44,2.21,44058,355942
600000,4,533919.0,44,2.21,66081,533919
800000,4,712023.0,44,2.21,87977,712023
1000000,4,890080.0,44,2.21,109920,890080
2,5,2.0,1,0.04,0,2
3,5,2.0,2,0.13,1,2
100,5,82.0,78,3.17,18,82
200,5,174.0,78,3.17,26,174
2000,5,1760.0,78,3.17,240,1760
10000,5,8916.0,78,3.17,1084,8916
20000,5,17825.0,78,3.17,2175,17825
40000,5,35625.0,78,3.17,4375,35625
60000,5,53490.0,78,3.17,6510,53490
80000,5,71274.0,78,3.17,8726,71274
100000,5,89037.0,78,3.17,10963,89037
200000,5,178084.0,78,3.17,21916,178084
400000,5,356128.0,78,3.17,43872,356128
600000,5,534006.0,78,3.17,65994,534006
800000,5,711830.0,78,3.17,88170,711830
1000000,5,889797.0,78,3.17,110203,889797
2,6,1.0,1,0.04,1,1
3,6,2.0,2,0.13,1,2
100,6,87.0,28,2.47,13,87
200,6,172.0,28,2.47,28,172
2000,6,1738.0,28,2.47,262,1738
10000,6,8856.0,28,2.47,1144,8856
20000,6,17772.0,28,2.47,2228,17772
40000,6,35481.0,28,2.47,4519,35481
60000,6,53254.0,28,2.47,6746,53254
80000,6,71094.0,28,2.47,8906,71094
100000,6,88961.0,28,2.47,11039,88961
200000,6,177981.0,28,2.47,22019,177981
400000,6,355703.0,28,2.47,44297,355703
600000,6,533778.0,28,2.47,66222,533778
800000,6,711768.0,28,2.47,88232,711768
1000000,6,889525.0,28,2.47,110475,889525
2,7,1.0,1,0.04,1,1
3,7,2.0,2,0.13,1,2
100,7,90.0,45,4.0,10,90
200,7,175.0,49,4.36,25,175
2000,7,1750.0,53,4.72,250,1750
10000,7,8864.0,53,4.72,1136,8864
20000,7,17729.0,53,4.72,2271,17729
40000,7,35519.0,53,4.72,4481,35519
60000,7,53367.0,53,4.72,6633,53367
80000,7,71118.0,53,4.72,8882,71118
100000,7,88982.0,53,4.72,11018,88982
200000,7,178025.0,53,4.72,21975,178025
400000,7,356069.0,53,4.72,43931,356069
600000,7,534196.0,53,4.72,65804,534196
800000,7,712274.0,53,4.72,87726,712274
1000000,7,890310.0,53,4.72,109690,890310
2,8,2.0,1,0.04,0,2
3,8,3.0,2,0.13,0,3
100,8,84.0,70,3.8,16,84
200,8,175.0,170,7.8,25,175
2000,8,1772.0,305,13.2,228,1772
10000,8,8885.0,308,13.32,1115,8885
20000,8,17774.0,308,13.32,2226,17774
40000,8,35499.0,308,13.32,4501,35499
60000,8,53328.0,308,13.32,6672,53328
80000,8,71113.0,308,13.32,8887,71113
100000,8,88944.0,308,13.32,11056,88944
200000,8,177908.0,308,13.32,22092,177908
400000,8,356069.0,308,13.32,43931,356069
600000,8,533847.0,308,13.32,66153,533847
800000,8,711903.0,308,13.32,88097,711903
1000000,8,889866.0,308,13.32,110134,889866
2,9,2.0,1,0.04,0,2
3,9,3.0,2,0.13,0,3
100,9,90.0,16,1.09,10,90
200,9,172.0,34,2.46,28,172
2000,9,1760.0,45,2.9,240,1760
10000,9,8900.0,45,2.9,1100,8900
20000,9,17847.0,45,2.9,2153,17847
40000,9,35590.0,45,2.9,4410,35590
60000,9,53373.0,45,2.9,6627,53373
80000,9,71184.0,45,2.9,8816,71184
100000,9,89060.0,45,2.9,10940,89060
200000,9,178224.0,45,2.9,21776,178224
400000,9,356059.0,45,2.9,43941,356059
600000,9,534069.0,45,2.9,65931,534069
800000,9,712078.0,45,2.9,87922,712078
1000000,9,890122.0,45,2.9,109878,890122
2,10,2.0,1,0.04,0,2
3,10,3.0,2,0.13,0,3
100,10,82.0,97,6.68,18,82
200,10,167.0,197,11.88,33,167
2000,10,1686.0,1997,84.73,314,1686
10000,10,8499.0,9997,404.73,1501,8499
20000,10,17033.0,19997,804.73,2967,17033
40000,10,34109.0,39997,1604.73,5891,34109
60000,10,51147.0,59997,2404.73,8853,51147
80000,10,68200.0,79997,3204.73,11800,68200
100000,10,85232.0,99997,4004.73,14768,85232
200000,10,170190.0,199997,8004.73,29810,170190
400000,10,340036.0,399997,16004.73,59964,340036
600000,10,509930.0,599997,24004.73,90070,509930
800000,10,679982.0,799997,32004.73,120018,679982
1000000,10,850214.0,999997,40004.73,149786,850214
2,11,2.0,1,0.04,0,2
3,11,3.0,2,0.13,0,3
100,11,81.0,50,2.2,19,81
200,11,171.0,50,2.2,29,171
2000,11,1751.0,50,2.2,249,1751
10000,11,8921.0,50,2.2,1079,8921
20000,11,17809.0,50,2.2,2191,17809
40000,11,35558.0,50,2.2,4442,35558
60000,11,53349.0,50,2.2,6651,53349
80000,11,71138.0,50,2.2,8862,71138
100000,11,88990.0,50,2.2,11010,88990
200000,11,177943.0,50,2.2,22057,177943
400000,11,355753.0,50,2.2,44247,355753
600000,11,533910.0,50,2.2,66090,533910
800000,11,711720.0,50,2.2,88280,711720
1000000,11,889779.0,50,2.2,110221,889779
2,12,2.0,1,0.04,0,2
3,12,3.0,2,0.13,0,3
100,12,83.0,96,4.04,17,83
200,12,164.0,196,8.04,36,164
2000,12,1704.0,1996,80.04,296,1704
10000,12,8487.0,9996,400.04,1513,8487
20000,12,16995.0,19996,800.04,3005,16995
40000,12,33966.0,39996,1600.04,6034,33966
60000,12,50975.0,59996,2400.04,9025,50975
80000,12,68035.0,79996,3200.04,11965,68035
100000,12,85059.0,99996,4000.04,14941,85059
200000,12,170075.0,199996,8000.04,29925,170075
400000,12,340072.0,399996,16000.04,59928,340072
600000,12,509976.0,599996,24000.04,90024,509976
800000,12,679829.0,799996,32000.04,120171,679829
1000000,12,849611.0,999996,40000.04,150389,849611
2,13,2.0,1,0.04,0,2
3,13,3.0,2,0.13,0,3
100,13,80.0,35,2.65,20,80
200,13,171.0,35,2.65,29,171
2000,13,1775.0,35,2.65,225,1775
10000,13,8840.0,35,2.65,1160,8840
20000,13,17776.0,35,2.65,2224,17776
40000,13,35584.0,35,2.65,4416,35584
60000,13,53412.0,35,2.65,6588,53412
80000,13,71205.0,35,2.65,8795,71205
100000,13,89031.0,35,2.65,10969,89031
200000,13,177995.0,35,2.65,22005,177995
400000,13,355766.0,35,2.65,44234,355766
600000,13,533810.0,35,2.65,66190,533810
800000,13,711944.0,35,2.65,88056,711944
1000000,13,889740.0,35,2.65,110260,889740
2,14,2.0,1,0.04,0,2
3,14,3.0,2,0.13,0,3
100,14,87.0,72,3.73,13,87
200,14,174.0,140,6.5,26,174
2000,14,1793.0,218,9.62,207,1793
10000,14,8919.0,218,9.62,1081,8919
20000,14,17827.0,218,9.62,2173,17827
40000,14,35641.0,218,9.62,4359,35641
60000,14,53390.0,224,9.86,6610,53390
80000,14,71237.0,224,9.86,8763,71237
100000,14,88982.0,224,9.86,11018,88982
200000,14,177883.0,224,9.86,22117,177883
400000,14,355796.0,224,9.86,44204,355796
600000,14,533908.0,224,9.86,66092,533908
800000,14,711816.0,224,9.86,88184,711816
1000000,14,889545.0,224,9.86,110455,889545
2,15,2.0,1,0.04,0,2
3,15,3.0,2,0.13,0,3
100,15,86.0,57,3.93,14,86
200,15,178.0,57,3.93,22,178
2000,15,1763.0,118,6.67,237,1763
10000,15,8861.0,118,6.67,1139,8861
20000,15,17705.0,118,6.67,2295,17705
40000,15,35498.0,118,6.67,4502,35498
60000,15,53245.0,118,6.67,6755,53245
80000,15,71062.0,118,6.67,8938,71062
100000,15,88861.0,118,6.67,11139,88861
200000,15,177891.0,118,6.67,22109,177891
400000,15,355958.0,118,6.67,44042,355958
600000,15,533909.0,118,6.67,66091,533909
800000,15,712063.0,118,6.67,87937,712063
1000000,15,890329.0,118,6.67,109671,890329
2,16,2.0,1,0.04,0,2
3,16,3.0,2,0.13,0,3
100,16,83.0,40,2.4,17,83
200,16,170.0,40,2.4,30,170
2000,16,1754.0,40,2.4,246,1754
10000,16,8890.0,40,2.4,1110,8890
20000,16,17757.0,40,2.4,2243,17757
40000,16,35593.0,40,2.4,4407,35593
60000,16,53504.0,40,2.4,6496,53504
80000,16,71427.0,40,2.4,8573,71427
100000,16,89247.0,40,2.4,10753,89247
200000,16,178224.0,40,2.4,21776,178224
400000,16,356421.0,40,2.4,43579,356421
600000,16,534446.0,40,2.4,65554,534446
800000,16,712065.0,40,2.4,87935,712065
1000000,16,889885.0,40,2.4,110115,889885
2,17,2.0,1,0.04,0,2
3,17,2.0,2,0.13,1,2
100,17,86.0,7,0.33,14,86
200,17,178.0,7,0.33,22,178
2000,17,1781.0,7,0.33,219,1781
10000,17,8918.0,7,0.33,1082,8918
20000,17,17859.0,7,0.33,2141,17859
40000,17,35680.0,7,0.33,4320,35680
60000,17,53411.0,7,0.33,6589,53411
80000,17,71244.0,7,0.33,8756,71244
100000,17,89056.0,7,0.33,10944,89056
200000,17,178035.0,7,0.33,21965,178035
400000,17,355983.0,7,0.33,44017,355983
600000,17,533845.0,7,0.33,66155,533845
800000,17,711757.0,7,0.33,88243,711757
1000000,17,889878.0,7,0.33,110122,889878
2,18,2.0,1,0.04,0,2
3,18,3.0,2,0.13,0,3
100,18,88.0,14,1.01,12,88
200,18,174.0,59,5.06,26,174
2000,18,1786.0,71,6.14,214,1786
10000,18,8844.0,71,6.14,1156,8844
20000,18,17728.0,71,6.14,2272,17728
40000,18,35549.0,71,6.14,4451,35549
60000,18,53362.0,71,6.14,6638,53362
80000,18,71234.0,71,6.14,8766,71234
100000,18,89076.0,71,6.14,10924,89076
200000,18,178292.0,71,6.14,21708,178292
400000,18,356073.0,71,6.14,43927,356073
600000,18,534257.0,71,6.14,65743,534257
800000,18,712341.0,71,6.14,87659,712341
1000000,18,890350.0,71,6.14,109650,890350
2,19,2.0,1,0.04,0,2
3,19,2.0,2,0.13,1,2
100,19,89.0,49,2.01,11,89
200,19,175.0,58,2.37,25,175
2000,19,1783.0,65,2.65,217,1783
10000,19,8947.0,65,2.65,1053,8947
20000,19,17792.0,65,2.65,2208,17792
40000,19,35624.0,65,2.65,4376,35624
60000,19,53368.0,65,2.65,6632,53368
80000,19,71137.0,65,2.65,8863,71137
100000,19,88922.0,65,2.65,11078,88922
200000,19,177961.0,65,2.65,22039,177961
400000,19,355973.0,65,2.65,44027,355973
600000,19,534070.0,65,2.65,65930,534070
800000,19,712064.0,65,2.65,87936,712064
1000000,19,890126.0,65,2.65,109874,890126
2,20,1.0,1,0.04,1,1
3,20,2.0,2,0.13,1,2
100,20,87.0,23,2.02,13,87
200,20,174.0,27,2.38,26,174
2000,20,1772.0,27,2.38,228,1772
10000,20,8908.0,27,2.38,1092,8908
20000,20,17789.0,27,2.38,2211,17789
40000,20,35660.0,27,2.38,4340,35660
60000,20,53455.0,27,2.38,6545,53455
80000,20,71227.0,27,2.38,8773,71227
100000,20,88959.0,27,2.38,11041,88959
200000,20,177632.0,27,2.38,22368,177632
400000,20,355651.0,27,2.38,44349,355651
600000,20,533688.0,27,2.38,66312,533688
800000,20,711736.0,27,2.38,88264,711736
1000000,20,889678.0,27,2.38,110322,889678
2,21,2.0,1,0.04,0,2
3,21,3.0,2,0.13,0,3
100,21,89.0,47,3.58,11,89
200,21,174.0,70,5.65,26,174
2000,21,1763.0,82,6.58,237,1763
10000,21,8905.0,82,6.58,1095,8905
20000,21,17768.0,82,6.58,2232,17768
40000,21,35594.0,82,6.58,4406,35594
60000,21,53407.0,82,6.58,6593,53407
80000,21,71222.0,82,6.58,8778,71222
100000,21,89056.0,82,6.58,10944,89056
200000,21,178038.0,82,6.58,21962,178038
400000,21,355847.0,82,6.58,44153,355847
600000,21,533716.0,82,6.58,66284,533716
800000,21,711534.0,82,6.58,88466,711534
1000000,21,889779.0,82,6.58,110221,889779
2,22,2.0,1,0.04,0,2
3,22,2.0,2,0.13,1,2
100,22,90.0,10,0.45,10,90
200,22,184.0,10,0.45,16,184
2000,22,1798.0,14,0.61,202,1798
10000,22,8937.0,14,0.61,1063,8937
20000,22,17828.0,14,0.61,2172,17828
40000,22,35599.0,14,0.61,4401,35599
60000,22,53448.0,14,0.61,6552,53448
80000,22,71303.0,14,0.61,8697,71303
100000,22,89078.0,14,0.61,10922,89078
200000,22,178291.0,14,0.61,21709,178291
400000,22,356268.0,14,0.61,43732,356268
600000,22,534262.0,14,0.61,65738,534262
800000,22,712376.0,14,0.61,87624,712376
1000000,22,890612.0,14,0.61,109388,890612
2,23,2.0,1,0.04,0,2
3,23,3.0,2,0.13,0,3
100,23,84.0,27,1.63,16,84
200,23,167.0,27,1.63,33,167
2000,23,1770.0,27,1.63,230,1770
10000,23,8896.0,27,1.63,1104,8896
20000,23,17780.0,27,1.63,2220,17780
40000,23,35521.0,27,1.63,4479,35521
60000,23,53257.0,27,1.63,6743,53257
80000,23,71061.0,27,1.63,8939,71061
100000,23,88909.0,27,1.63,11091,88909
200000,23,177831.0,27,1.63,22169,177831
400000,23,355705.0,27,1.63,44295,355705
600000,23,533871.0,27,1.63,66129,533871
800000,23,711967.0,27,1.63,88033,711967
1000000,23,889871.0,27,1.63,110129,889871
2,24,2.0,1,0.04,0,2
3,24,2.0,2,0.13,1,2
100,24,89.0,39,1.61,11,89
200,24,175.0,39,1.61,25,175
2000,24,1764.0,47,1.93,236,1764
10000,24,8886.0,47,1.93,1114,8886
20000,24,17699.0,47,1.93,2301,17699
40000,24,35539.0,47,1.93,4461,35539
60000,24,53254.0,47,1.93,6746,53254
80000,24,71000.0,47,1.93,9000,71000
100000,24,88807.0,47,1.93,11193,88807
200000,24,177821.0,47,1.93,22179,177821
400000,24,356097.0,47,1.93,43903,356097
600000,24,534039.0,47,1.93,65961,534039
800000,24,711843.0,47,1.93,88157,711843
1000000,24,889922.0,47,1.93,110078,889922
2,25,2.0,1,0.04,0,2
3,25,2.0,2,0.13,1,2
100,25,90.0,44,1.81,10,90
200,25,178.0,64,2.61,22,178
2000,25,1785.0,84,3.41,215,1785
10000,25,8886.0,89,3.61,1114,8886
20000,25,17817.0,89,3.61,2183,17817
40000,25,35644.0,89,3.61,4356,35644
60000,25,53436.0,89,3.61,6564,53436
80000,25,71200.0,89,3.61,8800,71200
100000,25,89006.0,89,3.61,10994,89006
200000,25,178147.0,89,3.61,21853,178147
400000,25,356141.0,89,3.61,43859,356141
600000,25,534045.0,89,3.61,65955,534045
800000,25,711954.0,89,3.61,88046,711954
1000000,25,889996.0,89,3.61,110004,889996
2,26,2.0,1,0.04,0,2
3,26,3.0,2,0.13,0,3
100,26,86.0,77,3.53,14,86
200,26,170.0,171,7.69,30,170
2000,26,1784.0,270,13.2,216,1784
10000,26,8876.0,270,13.2,1124,8876
20000,26,17756.0,270,13.2,2244,17756
40000,26,35595.0,270,13.2,4405,35595
60000,26,53418.0,270,13.2,6582,53418
80000,26,71193.0,270,13.2,8807,71193
100000,26,88893.0,270,13.2,11107,88893
200000,26,177816.0,270,13.2,22184,177816
400000,26,356059.0,270,13.2,43941,356059
600000,26,534064.0,270,13.2,65936,534064
800000,26,711987.0,270,13.2,88013,711987
1000000,26,889982.0,270,13.2,110018,889982
2,27,1.0,1,0.04,1,1
3,27,2.0,2,0.13,1,2
100,27,83.0,99,8.36,17,83
200,27,161.0,199,17.11,39,161
2000,27,1600.0,1999,179.11,400,1600
10000,27,7974.0,9999,899.11,2026,7974
20000,27,15979.0,19999,1799.11,4021,15979
40000,27,31987.0,39999,3599.11,8013,31987
60000,27,47971.0,59999,5399.11,12029,47971
80000,27,63936.0,79999,7199.11,16064,63936
100000,27,80048.0,99999,8999.11,19952,80048
200000,27,159990.0,199999,17999.11,40010,159990
400000,27,320162.0,399999,35999.11,79838,320162
600000,27,480066.0,599999,53999.11,119934,480066
800000,27,640068.0,799999,71999.11,159932,640068
1000000,27,800292.0,999999,89999.11,199708,800292
2,28,2.0,1,0.04,0,2
3,28,3.0,2,0.13,0,3
100,28,86.0,57,2.58,14,86
200,28,176.0,57,2.58,24,176
2000,28,1805.0,57,2.58,195,1805
10000,28,8901.0,57,2.58,1099,8901
20000,28,17776.0,59,2.66,2224,17776
40000,28,35531.0,59,2.66,4469,35531
60000,28,53328.0,59,2.66,6672,53328
80000,28,71120.0,59,2.66,8880,71120
100000,28,88967.0,59,2.66,11033,88967
200000,28,178048.0,59,2.66,21952,178048
400000,28,355822.0,59,2.66,44178,355822
600000,28,533543.0,59,2.66,66457,533543
800000,28,711334.0,59,2.66,88666,711334
1000000,28,889254.0,59,2.66,110746,889254
2,29,1.0,1,0.04,1,1
3,29,2.0,2,0.13,1,2
100,29,81.0,42,3.73,19,81
200,29,171.0,42,3.73,29,171
2000,29,1781.0,42,3.73,219,1781
10000,29,8906.0,42,3.73,1094,8906
20000,29,17811.0,42,3.73,2189,17811
40000,29,35618.0,42,3.73,4382,35618
60000,29,53458.0,42,3.73,6542,53458
80000,29,71230.0,42,3.73,8770,71230
100000,29,89034.0,42,3.73,10966,89034
200000,29,177940.0,42,3.73,22060,177940
400000,29,356117.0,42,3.73,43883,356117
600000,29,534318.0,42,3.73,65682,534318
800000,29,712389.0,42,3.73,87611,712389
1000000,29,890393.0,42,3.73,109607,890393
2,30,2.0,1,0.04,0,2
3,30,3.0,2,0.13,0,3
100,30,91.0,27,1.23,9,91
200,30,173.0,39,1.71,27,173
2000,30,1752.0,91,3.79,248,1752
10000,30,8874.0,91,3.79,1126,8874
20000,30,17818.0,91,3.79,2182,17818
40000,30,35553.0,91,3.79,4447,35553
60000,30,53391.0,91,3.79,6609,53391
80000,30,71200.0,91,3.79,8800,71200
100000,30,88988.0,91,3.79,11012,88988
200000,30,178022.0,91,3.79,21978,178022
400000,30,355795.0,91,3.79,44205,355795
600000,30,533887.0,91,3.79,66113,533887
800000,30,711846.0,91,3.79,88154,711846
1000000,30,889866.0,91,3.79,110134,889866
2,31,2.0,1,0.04,0,2
3,31,2.0,2,0.13,1,2
100,31,83.0,90,3.65,17,83
200,31,167.0,190,7.65,33,167
2000,31,1740.0,304,12.21,260,1740
10000,31,8899.0,304,12.21,1101,8899
20000,31,17800.0,304,12.21,2200,17800
40000,31,35649.0,304,12.21,4351,35649
60000,31,53439.0,304,12.21,6561,53439
80000,31,71220.0,304,12.21,8780,71220
100000,31,89020.0,304,12.21,10980,89020
200000,31,178024.0,304,12.21,21976,178024
400000,31,355791.0,304,12.21,44209,355791
600000,31,533717.0,304,12.21,66283,533717
800000,31,711843.0,304,12.21,88157,711843
1000000,31,889698.0,304,12.21,110302,889698
2,32,2.0,1,0.04,0,2
3,32,3.0,2,0.13,0,3
100,32,86.0,73,5.12,14,86
200,32,170.0,166,12.34,30,170
2000,32,1767.0,174,12.96,233,1767
10000,32,8858.0,175,13.05,1142,8858
20000,32,17770.0,175,13.05,2230,17770
40000,32,35609.0,175,13.05,4391,35609
60000,32,53369.0,175,13.05,6631,53369
80000,32,71156.0,175,13.05,8844,71156
100000,32,88978.0,175,13.05,11022,88978
200000,32,178099.0,175,13.05,21901,178099
400000,32,356201.0,175,13.05,43799,356201
600000,32,534344.0,175,13.05,65656,534344
800000,32,712286.0,175,13.05,87714,712286
1000000,32,890458.0,175,13.05,109542,890458
2,33,2.0,1,0.04,0,2
3,33,2.0,2,0.13,1,2
100,33,88.0,5,0.25,12,88
200,33,181.0,5,0.25,19,181
2000,33,1778.0,5,0.25,222,1778
10000,33,8906.0,5,0.25,1094,8906
20000,33,17751.0,5,0.25,2249,17751
40000,33,35533.0,5,0.25,4467,35533
60000,33,53323.0,5,0.25,6677,53323
80000,33,71140.0,5,0.25,8860,71140
100000,33,88937.0,5,0.25,11063,88937
200000,33,177980.0,5,0.25,22020,177980
400000,33,355930.0,5,0.25,44070,355930
600000,33,533638.0,5,0.25,66362,533638
800000,33,711669.0,5,0.25,88331,711669
1000000,33,889651.0,5,0.25,110349,889651
2,34,2.0,1,0.04,0,2
3,34,3.0,2,0.13,0,3
100,34,85.0,73,4.12,15,85
200,34,168.0,97,5.73,32,168
2000,34,1774.0,104,6.36,226,1774
10000,34,8893.0,104,6.36,1107,8893
20000,34,17774.0,104,6.36,2226,17774
40000,34,35691.0,104,6.36,4309,35691
60000,34,53437.0,104,6.36,6563,53437
80000,34,71337.0,104,6.36,8663,71337
100000,34,89159.0,104,6.36,10841,89159
200000,34,178254.0,104,6.36,21746,178254
400000,34,356271.0,104,6.36,43729,356271
600000,34,534096.0,104,6.36,65904,534096
800000,34,711878.0,104,6.36,88122,711878
1000000,34,889800.0,104,6.36,110200,889800
2,35,1.0,1,0.04,1,1
3,35,2.0,2,0.13,1,2
100,35,90.0,12,1.03,10,90
200,35,172.0,24,2.11,28,172
2000,35,1773.0,24,2.11,227,1773
10000,35,8891.0,24,2.11,1109,8891
20000,35,17795.0,24,2.11,2205,17795
40000,35,35625.0,24,2.11,4375,35625
60000,35,53340.0,24,2.11,6660,53340
80000,35,71042.0,24,2.11,8958,71042
100000,35,88852.0,24,2.11,11148,88852
200000,35,177915.0,24,2.11,22085,177915
400000,35,356146.0,24,2.11,43854,356146
600000,35,534311.0,24,2.11,65689,534311
800000,35,712364.0,24,2.11,87636,712364
1000000,35,890504.0,24,2.11,109496,890504
2,36,2.0,1,0.04,0,2
3,36,2.0,2,0.13,1,2
100,36,88.0,26,1.09,12,88
200,36,174.0,28,1.17,26,174
2000,36,1778.0,28,1.17,222,1778
10000,36,8898.0,28,1.17,1102,8898
20000,36,17785.0,28,1.17,2215,17785
40000,36,35554.0,28,1.17,4446,35554
60000,36,53378.0,28,1.17,6622,53378
80000,36,71188.0,28,1.17,8812,71188
100000,36,88943.0,28,1.17,11057,88943
200000,36,178112.0,28,1.17,21888,178112
400000,36,356023.0,28,1.17,43977,356023
600000,36,534194.0,28,1.17,65806,534194
800000,36,712321.0,28,1.17,87679,712321
1000000,36,890256.0,28,1.17,109744,890256
2,37,2.0,1,0.04,0,2
3,37,2.0,2,0.13,1,2
100,37,73.0,79,3.21,27,73
200,37,164.0,179,7.21,36,164
2000,37,1695.0,1979,79.21,305,1695
10000,37,8477.0,9979,399.21,1523,8477
20000,37,16955.0,19979,799.21,3045,16955
40000,37,33928.0,39979,1599.21,6072,33928
60000,37,50934.0,59979,2399.21,9066,50934
80000,37,67880.0,79979,3199.21,12120,67880
100000,37,84885.0,99979,3999.21,15115,84885
200000,37,169854.0,199979,7999.21,30146,169854
400000,37,339552.0,399979,15999.21,60448,339552
600000,37,509517.0,599979,23999.21,90483,509517
800000,37,679695.0,799979,31999.21,120305,679695
1000000,37,849565.0,999979,39999.21,150435,849565
2,38,2.0,1,0.04,0,2
3,38,3.0,2,0.13,0,3
100,38,87.0,29,1.41,13,87
200,38,177.0,29,1.41,23,177
2000,38,1790.0,37,1.73,210,1790
10000,38,8846.0,37,1.73,1154,8846
20000,38,17774.0,37,1.73,2226,17774
40000,38,35518.0,37,1.73,4482,35518
60000,38,53354.0,37,1.73,6646,53354
80000,38,71136.0,37,1.73,8864,71136
100000,38,88983.0,37,1.73,11017,88983
200000,38,177988.0,37,1.73,22012,177988
400000,38,356097.0,37,1.73,43903,356097
600000,38,534167.0,37,1.73,65833,534167
800000,38,712127.0,37,1.73,87873,712127
1000000,38,889884.0,37,1.73,110116,889884
2,39,2.0,1,0.04,0,2
3,39,3.0,2,0.13,0,3
100,39,91.0,27,2.18,9,91
200,39,180.0,31,2.54,20,180
2000,39,1780.0,65,5.6,220,1780
10000,39,8908.0,80,6.95,1092,8908
20000,39,17811.0,87,7.58,2189,17811
40000,39,35671.0,87,7.58,4329,35671
60000,39,53426.0,87,7.58,6574,53426
80000,39,71217.0,87,7.58,8783,71217
100000,39,88953.0,87,7.58,11047,88953
200000,39,178007.0,87,7.58,21993,178007
400000,39,355910.0,87,7.58,44090,355910
600000,39,534029.0,87,7.58,65971,534029
800000,39,711856.0,87,7.58,88144,711856
1000000,39,889918.0,87,7.58,110082,889918
2,40,2.0,1,0.04,0,2
3,40,3.0,2,0.13,0,3
100,40,89.0,26,1.94,11,89
200,40,180.0,27,2.03,20,180
2000,40,1797.0,57,3.43,203,1797
10000,40,8913.0,58,3.52,1087,8913
20000,40,17825.0,58,3.52,2175,17825
40000,40,35557.0,58,3.52,4443,35557
60000,40,53353.0,58,3.52,6647,53353
80000,40,71196.0,58,3.52,8804,71196
100000,40,88962.0,58,3.52,11038,88962
200000,40,177975.0,58,3.52,22025,177975
400000,40,355778.0,58,3.52,44222,355778
600000,40,533918.0,58,3.52,66082,533918
800000,40,711761.0,58,3.52,88239,711761
1000000,40,889761.0,58,3.52,110239,889761
2,41,2.0,1,0.04,0,2
3,41,3.0,2,0.13,0,3
100,41,82.0,94,5.36,18,82
200,41,179.0,94,5.36,21,179
2000,41,1786.0,94,5.36,214,1786
10000,41,8940.0,94,5.36,1060,8940
20000,41,17805.0,94,5.36,2195,17805
40000,41,35633.0,94,5.36,4367,35633
60000,41,53387.0,94,5.36,6613,53387
80000,41,71106.0,94,5.36,8894,71106
100000,41,88909.0,94,5.36,11091,88909
200000,41,177914.0,94,5.36,22086,177914
400000,41,355915.0,94,5.36,44085,355915
600000,41,533919.0,94,5.36,66081,533919
800000,41,711853.0,94,5.36,88147,711853
1000000,41,889911.0,94,5.36,110089,889911
2,42,2.0,1,0.04,0,2
3,42,3.0,2,0.13,0,3
100,42,76.0,97,4.73,24,76
200,42,155.0,197,8.83,45,155
2000,42,1681.0,1997,80.83,319,1681
10000,42,8482.0,9997,400.83,1518,8482
20000,42,16971.0,19997,800.83,3029,16971
40000,42,33956.0,39997,1600.83,6044,33956
60000,42,50916.0,59997,2400.83,9084,50916
80000,42,67994.0,79997,3200.83,12006,67994
100000,42,85004.0,99997,4000.83,14996,85004
200000,42,170020.0,199997,8000.83,29980,170020
400000,42,340007.0,399997,16000.83,59993,340007
600000,42,510152.0,599997,24000.83,89848,510152
800000,42,680262.0,799997,32000.83,119738,680262
1000000,42,850356.0,999997,40000.83,149644,850356
2,43,2.0,1,0.04,0,2
3,43,3.0,2,0.13,0,3
100,43,89.0,10,0.7,11,89
200,43,176.0,10,0.7,24,176
2000,43,1795.0,10,0.7,205,1795
10000,43,8899.0,10,0.7,1101,8899
20000,43,17773.0,10,0.7,2227,17773
40000,43,35526.0,10,0.7,4474,35526
60000,43,53266.0,10,0.7,6734,53266
80000,43,71039.0,10,0.7,8961,71039
100000,43,88917.0,10,0.7,11083,88917
200000,43,177864.0,10,0.7,22136,177864
400000,43,355912.0,10,0.7,44088,355912
600000,43,534023.0,10,0.7,65977,534023
800000,43,712056.0,10,0.7,87944,712056
1000000,43,889916.0,10,0.7,110084,889916
2,44,2.0,1,0.04,0,2
3,44,3.0,2,0.13,0,3
100,44,84.0,25,2.0,16,84
200,44,172.0,37,3.08,28,172
2000,44,1754.0,37,3.08,246,1754
10000,44,8866.0,37,3.08,1134,8866
20000,44,17824.0,37,3.08,2176,17824
40000,44,35612.0,37,3.08,4388,35612
60000,44,53437.0,37,3.08,6563,53437
80000,44,71161.0,37,3.08,8839,71161
100000,44,88995.0,37,3.08,11005,88995
200000,44,177979.0,37,3.08,22021,177979
400000,44,355897.0,37,3.08,44103,355897
600000,44,533810.0,37,3.08,66190,533810
800000,44,711745.0,37,3.08,88255,711745
1000000,44,889468.0,37,3.08,110532,889468
2,45,2.0,1,0.04,0,2
3,45,2.0,2,0.13,1,2
100,45,89.0,18,0.77,11,89
200,45,181.0,18,0.77,19,181
2000,45,1789.0,29,1.21,211,1789
10000,45,8912.0,29,1.21,1088,8912
20000,45,17819.0,29,1.21,2181,17819
40000,45,35742.0,29,1.21,4258,35742
60000,45,53536.0,29,1.21,6464,53536
80000,45,71398.0,29,1.21,8602,71398
100000,45,89146.0,29,1.21,10854,89146
200000,45,178022.0,29,1.21,21978,178022
400000,45,356173.0,29,1.21,43827,356173
600000,45,534082.0,29,1.21,65918,534082
800000,45,712284.0,29,1.21,87716,712284
1000000,45,890491.0,29,1.21,109509,890491
2,46,2.0,1,0.04,0,2
3,46,3.0,2,0.13,0,3
100,46,88.0,35,1.65,12,88
200,46,179.0,37,1.73,21,179
2000,46,1790.0,43,1.97,210,1790
10000,46,8908.0,43,1.97,1092,8908
20000,46,17819.0,43,1.97,2181,17819
40000,46,35682.0,43,1.97,4318,35682
60000,46,53538.0,43,1.97,6462,53538
80000,46,71333.0,43,1.97,8667,71333
100000,46,89124.0,43,1.97,10876,89124
200000,46,178337.0,43,1.97,21663,178337
400000,46,356366.0,43,1.97,43634,356366
600000,46,534158.0,43,1.97,65842,534158
800000,46,712286.0,43,1.97,87714,712286
1000000,46,890269.0,43,1.97,109731,890269
2,47,1.0,1,0.04,1,1
3,47,2.0,2,0.13,1,2
100,47,84.0,29,2.56,16,84
200,47,171.0,29,2.56,29,171
2000,47,1788.0,29,2.56,212,1788
10000,47,8859.0,29,2.56,1141,8859
20000,47,17740.0,29,2.56,2260,17740
40000,47,35488.0,29,2.56,4512,35488
60000,47,53332.0,29,2.56,6668,53332
80000,47,71128.0,29,2.56,8872,71128
100000,47,89012.0,29,2.56,10988,89012
200000,47,178037.0,29,2.56,21963,178037
400000,47,356288.0,29,2.56,43712,356288
600000,47,534462.0,29,2.56,65538,534462
800000,47,712581.0,29,2.56,87419,712581
1000000,47,890645.0,29,2.56,109355,890645
2,48,2.0,1,0.04,0,2
3,48,2.0,2,0.13,1,2
100,48,90.0,10,0.45,10,90
200,48,178.0,10,0.45,22,178
2000,48,1782.0,13,0.57,218,1782
10000,48,8890.0,13,0.57,1110,8890
20000,48,17776.0,13,0.57,2224,17776
40000,48,35600.0,13,0.57,4400,35600
60000,48,53368.0,13,0.57,6632,53368
80000,48,71136.0,13,0.57,8864,71136
100000,48,88984.0,13,0.57,11016,88984
200000,48,177876.0,13,0.57,22124,177876
400000,48,355869.0,13,0.57,44131,355869
600000,48,533769.0,13,0.57,66231,533769
800000,48,711690.0,13,0.57,88310,711690
1000000,48,889657.0,13,0.57,110343,889657
2,49,2.0,1,0.04,0,2
3,49,3.0,2,0.13,0,3
100,49,90.0,16,1.09,10,90
200,49,182.0,17,1.18,18,182
2000,49,1784.0,20,1.4,216,1784
10000,49,8977.0,20,1.4,1023,8977
20000,49,17930.0,20,1.4,2070,17930
40000,49,35670.0,20,1.4,4330,35670
60000,49,53487.0,20,1.4,6513,53487
80000,49,71277.0,20,1.4,8723,71277
100000,49,89080.0,20,1.4,10920,89080
200000,49,178125.0,20,1.4,21875,178125
400000,49,356193.0,20,1.4,43807,356193
600000,49,534567.0,20,1.4,65433,534567
800000,49,712480.0,20,1.4,87520,712480
1000000,49,890446.0,20,1.4,109554,890446
2,50,2.0,1,0.04,0,2
3,50,2.0,2,0.13,1,2
100,50,80.0,38,1.57,20,80
200,50,167.0,50,2.05,33,167
2000,50,1774.0,50,2.05,226,1774
10000,50,8846.0,50,2.05,1154,8846
20000,50,17712.0,50,2.05,2288,17712
40000,50,35542.0,50,2.05,4458,35542
60000,50,53355.0,50,2.05,6645,53355
80000,50,71063.0,50,2.05,8937,71063
100000,50,88843.0,50,2.05,11157,88843
200000,50,177795.0,50,2.05,22205,177795
400000,50,355945.0,50,2.05,44055,355945
600000,50,533713.0,50,2.05,66287,533713
800000,50,711549.0,50,2.05,88451,711549
1000000,50,889581.0,50,2.05,110419,889581
2,51,1.0,1,0.04,1,1
3,51,2.0,2,0.13,1,2
100,51,86.0,18,1.57,14,86
200,51,170.0,18,1.57,30,170
2000,51,1769.0,18,1.57,231,1769
10000,51,8920.0,18,1.57,1080,8920
20000,51,17808.0,18,1.57,2192,17808
40000,51,35666.0,18,1.57,4334,35666
60000,51,53412.0,18,1.57,6588,53412
80000,51,71151.0,18,1.57,8849,71151
100000,51,88856.0,18,1.57,11144,88856
200000,51,177898.0,18,1.57,22102,177898
400000,51,355656.0,18,1.57,44344,355656
600000,51,533807.0,18,1.57,66193,533807
800000,51,711873.0,18,1.57,88127,711873
1000000,51,889947.0,18,1.57,110053,889947
2,52,2.0,1,0.04,0,2
3,52,2.0,2,0.13,1,2
100,52,91.0,15,0.65,9,91
200,52,179.0,15,0.65,21,179
2000,52,1784.0,15,0.65,216,1784
10000,52,8881.0,15,0.65,1119,8881
20000,52,17727.0,15,0.65,2273,17727
40000,52,35402.0,15,0.65,4598,35402
60000,52,53182.0,15,0.65,6818,53182
80000,52,70957.0,15,0.65,9043,70957
100000,52,88803.0,15,0.65,11197,88803
200000,52,177758.0,15,0.65,22242,177758
400000,52,355780.0,15,0.65,44220,355780
600000,52,533924.0,15,0.65,66076,533924
800000,52,711825.0,15,0.65,88175,711825
1000000,52,890008.0,15,0.65,109992,890008
2,53,2.0,1,0.04,0,2
3,53,3.0,2,0.13,0,3
100,53,87.0,12,0.83,13,87
200,53,176.0,12,0.83,24,176
2000,53,1783.0,12,0.83,217,1783
10000,53,8897.0,12,0.83,1103,8897
20000,53,17789.0,12,0.83,2211,17789
40000,53,35642.0,12,0.83,4358,35642
60000,53,53398.0,12,0.83,6602,53398
80000,53,71131.0,12,0.83,8869,71131
100000,53,88952.0,12,0.83,11048,88952
200000,53,178130.0,12,0.83,21870,178130
400000,53,356209.0,12,0.83,43791,356209
600000,53,534285.0,12,0.83,65715,534285
800000,53,712333.0,12,0.83,87667,712333
1000000,53,890398.0,12,0.83,109602,890398
2,54,2.0,1,0.04,0,2
3,54,2.0,2,0.13,1,2
100,54,88.0,32,1.33,12,88
200,54,174.0,34,1.41,26,174
2000,54,1781.0,41,1.69,219,1781
10000,54,8919.0,41,1.69,1081,8919
20000,54,17828.0,41,1.69,2172,17828
40000,54,35588.0,41,1.69,4412,35588
60000,54,53399.0,41,1.69,6601,53399
80000,54,71150.0,41,1.69,8850,71150
100000,54,88983.0,41,1.69,11017,88983
200000,54,177843.0,41,1.69,22157,177843
400000,54,356008.0,41,1.69,43992,356008
600000,54,534233.0,41,1.69,65767,534233
800000,54,712229.0,41,1.69,87771,712229
1000000,54,890161.0,41,1.69,109839,890161
2,55,1.0,1,0.04,1,1
3,55,2.0,2,0.13,1,2
100,55,89.0,18,1.57,11,89
200,55,180.0,18,1.57,20,180
2000,55,1785.0,21,1.84,215,1785
10000,55,8846.0,21,1.84,1154,8846
20000,55,17780.0,21,1.84,2220,17780
40000,55,35570.0,21,1.84,4430,35570
60000,55,53429.0,21,1.84,6571,53429
80000,55,71170.0,21,1.84,8830,71170
100000,55,88968.0,21,1.84,11032,88968
200000,55,177933.0,21,1.84,22067,177933
400000,55,355584.0,21,1.84,44416,355584
600000,55,533693.0,21,1.84,66307,533693
800000,55,711731.0,21,1.84,88269,711731
1000000,55,889704.0,21,1.84,110296,889704
2,56,2.0,1,0.04,0,2
3,56,3.0,2,0.13,0,3
100,56,87.0,31,2.14,13,87
200,56,175.0,31,2.14,25,175
2000,56,1773.0,32,2.18,227,1773
10000,56,8914.0,32,2.18,1086,8914
20000,56,17826.0,32,2.18,2174,17826
40000,56,35664.0,32,2.18,4336,35664
60000,56,53495.0,32,2.18,6505,53495
80000,56,71318.0,32,2.18,8682,71318
100000,56,89091.0,32,2.18,10909,89091
200000,56,178057.0,32,2.18,21943,178057
400000,56,356181.0,32,2.18,43819,356181
600000,56,534276.0,32,2.18,65724,534276
800000,56,712266.0,32,2.18,87734,712266
1000000,56,890265.0,32,2.18,109735,890265
2,57,1.0,1,0.04,1,1
3,57,2.0,2,0.13,1,2
100,57,87.0,6,0.49,13,87
200,57,176.0,6,0.49,24,176
2000,57,1796.0,6,0.49,204,1796
10000,57,8891.0,6,0.49,1109,8891
20000,57,17835.0,6,0.49,2165,17835
40000,57,35590.0,6,0.49,4410,35590
60000,57,53436.0,6,0.49,6564,53436
80000,57,71220.0,6,0.49,8780,71220
100000,57,89015.0,6,0.49,10985,89015
200000,57,178176.0,6,0.49,21824,178176
400000,57,356337.0,6,0.49,43663,356337
600000,57,534294.0,6,0.49,65706,534294
800000,57,711950.0,6,0.49,88050,711950
1000000,57,889782.0,6,0.49,110218,889782
2,58,2.0,1,0.04,0,2
3,58,3.0,2,0.13,0,3
100,58,85.0,15,1.15,15,85
200,58,172.0,15,1.15,28,172
2000,58,1771.0,15,1.15,229,1771
10000,58,8886.0,15,1.15,1114,8886
20000,58,17834.0,15,1.15,2166,17834
40000,58,35488.0,15,1.15,4512,35488
60000,58,53194.0,15,1.15,6806,53194
80000,58,71008.0,15,1.15,8992,71008
100000,58,88834.0,15,1.15,11166,88834
200000,58,177971.0,15,1.15,22029,177971
400000,58,356129.0,15,1.15,43871,356129
600000,58,534290.0,15,1.15,65710,534290
800000,58,712251.0,15,1.15,87749,712251
1000000,58,890196.0,15,1.15,109804,890196
2,59,2.0,1,0.04,0,2
3,59,3.0,2,0.13,0,3
100,59,89.0,50,3.7,11,89
200,59,171.0,125,9.85,29,171
2000,59,1784.0,463,23.42,216,1784
10000,59,8927.0,468,23.62,1073,8927
20000,59,17886.0,468,23.62,2114,17886
40000,59,35685.0,468,23.62,4315,35685
60000,59,53494.0,468,23.62,6506,53494
80000,59,71240.0,468,23.62,8760,71240
100000,59,88980.0,532,26.18,11020,88980
200000,59,178039.0,532,26.18,21961,178039
400000,59,356041.0,532,26.18,43959,356041
600000,59,533959.0,532,26.18,66041,533959
800000,59,711935.0,532,26.18,88065,711935
1000000,59,889903.0,532,26.18,110097,889903
2,60,2.0,1,0.04,0,2
3,60,3.0,2,0.13,0,3
100,60,77.0,87,5.73,23,77
200,60,162.0,187,9.78,38,162
2000,60,1693.0,1987,81.78,307,1693
10000,60,8452.0,9987,401.78,1548,8452
20000,60,17015.0,19987,801.78,2985,17015
40000,60,33989.0,39987,1601.78,6011,33989
60000,60,51049.0,59987,2401.78,8951,51049
80000,60,68085.0,79987,3201.78,11915,68085
100000,60,85081.0,99987,4001.78,14919,85081
200000,60,169992.0,199987,8001.78,30008,169992
400000,60,340156.0,399987,16001.78,59844,340156
600000,60,510393.0,599987,24001.78,89607,510393
800000,60,680245.0,799987,32001.78,119755,680245
1000000,60,850418.0,999987,40001.78,149582,850418
2,61,1.0,1,0.04,1,1
3,61,2.0,2,0.13,1,2
100,61,86.0,99,4.61,14,86
200,61,169.0,199,8.66,31,169
2000,61,1738.0,1999,80.66,262,1738
10000,61,8538.0,9999,400.66,1462,8538
20000,61,17069.0,19999,800.66,2931,17069
40000,61,34094.0,39999,1600.66,5906,34094
60000,61,51111.0,59999,2400.66,8889,51111
80000,61,68166.0,79999,3200.66,11834,68166
100000,61,85127.0,99999,4000.66,14873,85127
200000,61,170094.0,199999,8000.66,29906,170094
400000,61,340051.0,399999,16000.66,59949,340051
600000,61,510127.0,599999,24000.66,89873,510127
800000,61,680029.0,799999,32000.66,119971,680029
1000000,61,850136.0,999999,40000.66,149864,850136
2,62,2.0,1,0.04,0,2
3,62,3.0,2,0.13,0,3
100,62,85.0,70,4.1,15,85
200,62,166.0,152,7.53,34,166
2000,62,1716.0,1951,79.49,284,1716
10000,62,8487.0,9951,400.19,1513,8487
20000,62,16981.0,19951,800.19,3019,16981
40000,62,33956.0,39951,1600.19,6044,33956
60000,62,50911.0,59951,2400.19,9089,50911
80000,62,67868.0,79951,3200.19,12132,67868
100000,62,84847.0,99951,4000.19,15153,84847
200000,62,169979.0,199951,8000.19,30021,169979
400000,62,339747.0,399951,16000.19,60253,339747
600000,62,509400.0,599951,24000.19,90600,509400
800000,62,679160.0,799951,32000.19,120840,679160
1000000,62,849239.0,999951,40000.19,150761,849239
2,63,2.0,1,0.04,0,2
3,63,3.0,2,0.13,0,3
100,63,92.0,20,1.45,8,92
200,63,179.0,21,1.54,21,179
2000,63,1754.0,28,1.97,246,1754
10000,63,8856.0,28,1.97,1144,8856
20000,63,17720.0,28,1.97,2280,17720
40000,63,35418.0,28,1.97,4582,35418
60000,63,53167.0,28,1.97,6833,53167
80000,63,70871.0,28,1.97,9129,70871
100000,63,88691.0,28,1.97,11309,88691
200000,63,177559.0,28,1.97,22441,177559
400000,63,355474.0,28,1.97,44526,355474
600000,63,533350.0,28,1.97,66650,533350
800000,63,711393.0,28,1.97,88607,711393
1000000,63,889259.0,28,1.97,110741,889259
2,64,2.0,1,0.04,0,2
3,64,3.0,2,0.13,0,3
100,64,79.0,96,4.39,21,79
200,64,166.0,196,8.39,34,166
2000,64,1709.0,1996,80.39,291,1709
10000,64,8483.0,9996,400.39,1517,8483
20000,64,16946.0,19996,800.39,3054,16946
40000,64,33910.0,39996,1600.39,6090,33910
60000,64,50944.0,59996,2400.39,9056,50944
80000,64,68026.0,79996,3200.39,11974,68026
100000,64,85062.0,99996,4000.39,14938,85062
200000,64,169936.0,199996,8000.39,30064,169936
400000,64,339815.0,399996,16000.39,60185,339815
600000,64,509839.0,599996,24000.39,90161,509839
800000,64,679716.0,799996,32000.39,120284,679716
1000000,64,849582.0,999996,40000.39,150418,849582
2,65,2.0,1,0.04,0,2
3,65,2.0,2,0.13,1,2
100,65,89.0,44,1.81,11,89
200,65,176.0,61,2.49,24,176
2000,65,1757.0,117,4.73,243,1757
10000,65,8922.0,117,4.73,1078,8922
20000,65,17836.0,117,4.73,2164,17836
40000,65,35693.0,117,4.73,4307,35693
60000,65,53479.0,117,4.73,6521,53479
80000,65,71214.0,117,4.73,8786,71214
100000,65,89044.0,117,4.73,10956,89044
200000,65,178094.0,117,4.73,21906,178094
400000,65,356003.0,117,4.73,43997,356003
600000,65,534112.0,117,4.73,65888,534112
800000,65,712021.0,117,4.73,87979,712021
1000000,65,889988.0,117,4.73,110012,889988
2,66,2.0,1,0.04,0,2
3,66,3.0,2,0.13,0,3
100,66,72.0,86,6.69,28,72
200,66,151.0,186,15.69,49,151
2000,66,1591.0,1986,177.69,409,1591
10000,66,8034.0,9986,897.69,1966,8034
20000,66,16009.0,19986,1797.69,3991,16009
40000,66,32014.0,39986,3597.69,7986,32014
60000,66,48013.0,59986,5397.69,11987,48013
80000,66,63973.0,79986,7197.69,16027,63973
100000,66,79938.0,99986,8997.69,20062,79938
200000,66,160091.0,199986,17997.69,39909,160091
400000,66,320044.0,399986,35997.69,79956,320044
600000,66,479989.0,599986,53997.69,120011,479989
800000,66,639994.0,799986,71997.69,160006,639994
1000000,66,799769.0,999986,89997.69,200231,799769
2,67,1.0,1,0.04,1,1
3,67,2.0,2,0.13,1,2
100,67,83.0,99,4.56,17,83
200,67,166.0,199,8.56,34,166
2000,67,1699.0,1999,80.56,301,1699
10000,67,8522.0,9999,400.56,1478,8522
20000,67,17032.0,19999,800.56,2968,17032
40000,67,33981.0,39999,1600.56,6019,33981
60000,67,50976.0,59999,2400.56,9024,50976
80000,67,67938.0,79999,3200.56,12062,67938
100000,67,84886.0,99999,4000.56,15114,84886
200000,67,169848.0,199999,8000.56,30152,169848
400000,67,339728.0,399999,16000.56,60272,339728
600000,67,509425.0,599999,24000.56,90575,509425
800000,67,679698.0,799999,32000.56,120302,679698
1000000,67,849671.0,999999,40000.56,150329,849671
2,68,1.0,1,0.04,1,1
3,68,2.0,2,0.13,1,2
100,68,93.0,8,0.67,7,93
200,68,181.0,8,0.67,19,181
2000,68,1796.0,23,2.02,204,1796
10000,68,8958.0,23,2.02,1042,8958
20000,68,17871.0,23,2.02,2129,17871
40000,68,35655.0,23,2.02,4345,35655
60000,68,53494.0,23,2.02,6506,53494
80000,68,71319.0,23,2.02,8681,71319
100000,68,89134.0,23,2.02,10866,89134
200000,68,178216.0,23,2.02,21784,178216
400000,68,356060.0,23,2.02,43940,356060
600000,68,534008.0,23,2.02,65992,534008
800000,68,712027.0,23,2.02,87973,712027
1000000,68,890186.0,23,2.02,109814,890186
2,69,1.0,1,0.04,1,1
3,69,2.0,2,0.13,1,2
100,69,88.0,99,4.31,12,88
200,69,171.0,199,8.66,29,171
2000,69,1695.0,1999,80.66,305,1695
10000,69,8485.0,9999,400.66,1515,8485
20000,69,16927.0,19999,800.66,3073,16927
40000,69,33921.0,39999,1600.66,6079,33921
60000,69,50808.0,59999,2400.66,9192,50808
80000,69,67789.0,79999,3200.66,12211,67789
100000,69,84831.0,99999,4000.66,15169,84831
200000,69,169721.0,199999,8000.66,30279,169721
400000,69,339705.0,399999,16000.66,60295,339705
600000,69,509871.0,599999,24000.66,90129,509871
800000,69,680135.0,799999,32000.66,119865,680135
1000000,69,850130.0,999999,40000.66,149870,850130
2,70,2.0,1,0.04,0,2
3,70,3.0,2,0.13,0,3
100,70,86.0,89,3.76,14,86
200,70,168.0,189,7.76,32,168
2000,70,1716.0,1973,79.12,284,1716
10000,70,8523.0,9973,399.12,1477,8523
20000,70,17047.0,19973,799.12,2953,17047
40000,70,34030.0,39973,1599.12,5970,34030
60000,70,51001.0,59973,2399.12,8999,51001
80000,70,68065.0,79973,3199.12,11935,68065
100000,70,85074.0,99973,3999.12,14926,85074
200000,70,170240.0,199973,7999.12,29760,170240
400000,70,340335.0,399973,15999.12,59665,340335
600000,70,510345.0,599973,23999.12,89655,510345
800000,70,680252.0,799973,31999.12,119748,680252
1000000,70,850512.0,999973,39999.12,149488,850512
2,71,1.0,1,0.04,1,1
3,71,2.0,2,0.13,1,2
100,71,82.0,84,7.51,18,82
200,71,165.0,85,7.6,35,165
2000,71,1768.0,119,10.66,232,1768
10000,71,8887.0,119,10.66,1113,8887
20000,71,17818.0,119,10.66,2182,17818
40000,71,35708.0,119,10.66,4292,35708
60000,71,53487.0,119,10.66,6513,53487
80000,71,71180.0,119,10.66,8820,71180
100000,71,88934.0,119,10.66,11066,88934
200000,71,178107.0,119,10.66,21893,178107
400000,71,356140.0,119,10.66,43860,356140
600000,71,534507.0,119,10.66,65493,534507
800000,71,712391.0,119,10.66,87609,712391
1000000,71,890298.0,119,10.66,109702,890298
2,72,2.0,1,0.04,0,2
3,72,3.0,2,0.13,0,3
100,72,88.0,25,1.5,12,88
200,72,175.0,56,3.99,25,175
2000,72,1775.0,58,4.12,225,1775
10000,72,8863.0,58,4.12,1137,8863
20000,72,17789.0,58,4.12,2211,17789
40000,72,35579.0,58,4.12,4421,35579
60000,72,53373.0,58,4.12,6627,53373
80000,72,71147.0,58,4.12,8853,71147
100000,72,88962.0,58,4.12,11038,88962
200000,72,178030.0,58,4.12,21970,178030
400000,72,356127.0,58,4.12,43873,356127
600000,72,533998.0,58,4.12,66002,533998
800000,72,711698.0,58,4.12,88302,711698
1000000,72,889724.0,58,4.12,110276,889724
2,73,2.0,1,0.04,0,2
3,73,2.0,2,0.13,1,2
100,73,83.0,34,1.41,17,83
200,73,180.0,34,1.41,20,180
2000,73,1779.0,34,1.41,221,1779
10000,73,8896.0,34,1.41,1104,8896
20000,73,17777.0,34,1.41,2223,17777
40000,73,35599.0,34,1.41,4401,35599
60000,73,53402.0,34,1.41,6598,53402
80000,73,71138.0,34,1.41,8862,71138
100000,73,88972.0,34,1.41,11028,88972
200000,73,177957.0,34,1.41,22043,177957
400000,73,356051.0,34,1.41,43949,356051
600000,73,534021.0,34,1.41,65979,534021
800000,73,712090.0,34,1.41,87910,712090
1000000,73,890095.0,34,1.41,109905,890095
2,74,2.0,1,0.04,0,2
3,74,3.0,2,0.13,0,3
100,74,89.0,16,0.94,11,89
200,74,172.0,25,1.3,28,172
2000,74,1785.0,117,8.38,215,1785
10000,74,8897.0,117,8.38,1103,8897
20000,74,17803.0,117,8.38,2197,17803
40000,74,35593.0,117,8.38,4407,35593
60000,74,53341.0,117,8.38,6659,53341
80000,74,71222.0,117,8.38,8778,71222
100000,74,89073.0,117,8.38,10927,89073
200000,74,177960.0,117,8.38,22040,177960
400000,74,355863.0,117,8.38,44137,355863
600000,74,533771.0,117,8.38,66229,533771
800000,74,711773.0,117,8.38,88227,711773
1000000,74,889916.0,117,8.38,110084,889916
2,75,2.0,1,0.04,0,2
3,75,2.0,2,0.13,1,2
100,75,91.0,5,0.25,9,91
200,75,182.0,5,0.25,18,182
2000,75,1779.0,5,0.25,221,1779
10000,75,8921.0,5,0.25,1079,8921
20000,75,17849.0,5,0.25,2151,17849
40000,75,35619.0,5,0.25,4381,35619
60000,75,53450.0,5,0.25,6550,53450
80000,75,71240.0,5,0.25,8760,71240
100000,75,89078.0,5,0.25,10922,89078
200000,75,178175.0,5,0.25,21825,178175
400000,75,356138.0,5,0.25,43862,356138
600000,75,534080.0,5,0.25,65920,534080
800000,75,712136.0,5,0.25,87864,712136
1000000,75,890210.0,5,0.25,109790,890210
2,76,2.0,1,0.04,0,2
3,76,3.0,2,0.13,0,3
100,76,86.0,12,0.78,14,86
200,76,177.0,12,0.78,23,177
2000,76,1797.0,12,0.78,203,1797
10000,76,8936.0,12,0.78,1064,8936
20000,76,17837.0,12,0.78,2163,17837
40000,76,35649.0,12,0.78,4351,35649
60000,76,53459.0,12,0.78,6541,53459
80000,76,71241.0,12,0.78,8759,71241
100000,76,89082.0,12,0.78,10918,89082
200000,76,178083.0,12,0.78,21917,178083
400000,76,356048.0,12,0.78,43952,356048
600000,76,534174.0,12,0.78,65826,534174
800000,76,712096.0,12,0.78,87904,712096
1000000,76,889946.0,12,0.78,110054,889946
2,77,2.0,1,0.04,0,2
3,77,3.0,2,0.13,0,3
100,77,79.0,79,6.51,21,79
200,77,156.0,171,14.79,44,156
2000,77,1735.0,258,22.62,265,1735
10000,77,8873.0,258,22.62,1127,8873
20000,77,17837.0,258,22.62,2163,17837
40000,77,35618.0,258,22.62,4382,35618
60000,77,53464.0,258,22.62,6536,53464
80000,77,71248.0,258,22.62,8752,71248
100000,77,88992.0,258,22.62,11008,88992
200000,77,178093.0,258,22.62,21907,178093
400000,77,356037.0,258,22.62,43963,356037
600000,77,533955.0,258,22.62,66045,533955
800000,77,712117.0,258,22.62,87883,712117
1000000,77,890169.0,258,22.62,109831,890169
2,78,2.0,1,0.04,0,2
3,78,3.0,2,0.13,0,3
100,78,88.0,97,5.03,12,88
200,78,171.0,197,9.83,29,171
2000,78,1726.0,1997,81.93,274,1726
10000,78,8528.0,9997,403.93,1472,8528
20000,78,17058.0,19997,803.93,2942,17058
40000,78,34054.0,39997,1603.93,5946,34054
60000,78,51089.0,59997,2403.93,8911,51089
80000,78,68145.0,79997,3203.93,11855,68145
100000,78,85181.0,99997,4003.93,14819,85181
200000,78,170236.0,199997,8003.93,29764,170236
400000,78,340108.0,399997,16003.93,59892,340108
600000,78,510185.0,599997,24003.93,89815,510185
800000,78,680222.0,799997,32003.93,119778,680222
1000000,78,850208.0,999997,40003.93,149792,850208
2,79,2.0,1,0.04,0,2
3,79,3.0,2,0.13,0,3
100,79,82.0,79,3.46,18,82
200,79,161.0,167,6.98,39,161
2000,79,1667.0,1952,78.38,333,1667
10000,79,8473.0,9952,398.38,1527,8473
20000,79,16979.0,19952,798.38,3021,16979
40000,79,33984.0,39952,1598.38,6016,33984
60000,79,50992.0,59952,2398.38,9008,50992
80000,79,68001.0,79952,3198.38,11999,68001
100000,79,84963.0,99952,3998.38,15037,84963
200000,79,170018.0,199952,7998.38,29982,170018
400000,79,340062.0,399952,15998.38,59938,340062
600000,79,509934.0,599952,23998.38,90066,509934
800000,79,679896.0,799952,31998.38,120104,679896
1000000,79,849947.0,999952,39998.38,150053,849947
2,80,1.0,1,0.04,1,1
3,80,2.0,2,0.13,1,2
100,80,82.0,99,4.16,18,82
200,80,170.0,199,8.16,30,170
2000,80,1678.0,1999,80.16,322,1678
10000,80,8482.0,9999,400.16,1518,8482
20000,80,17057.0,19999,800.16,2943,17057
40000,80,34038.0,39999,1600.16,5962,34038
60000,80,51064.0,59999,2400.16,8936,51064
80000,80,68088.0,79999,3200.16,11912,68088
100000,80,85187.0,99999,4000.16,14813,85187
200000,80,170151.0,199999,8000.16,29849,170151
400000,80,340113.0,399999,16000.16,59887,340113
600000,80,510276.0,599999,24000.16,89724,510276
800000,80,680056.0,799999,32000.16,119944,680056
1000000,80,850182.0,999999,40000.16,149818,850182
2,81,2.0,1,0.04,0,2
3,81,3.0,2,0.13,0,3
100,81,85.0,61,2.84,15,85
200,81,173.0,92,5.08,27,173
2000,81,1770.0,92,5.08,230,1770
10000,81,8946.0,92,5.08,1054,8946
20000,81,17848.0,92,5.08,2152,17848
40000,81,35643.0,92,5.08,4357,35643
60000,81,53456.0,92,5.08,6544,53456
80000,81,71351.0,92,5.08,8649,71351
100000,81,89113.0,92,5.08,10887,89113
200000,81,178112.0,92,5.08,21888,178112
400000,81,356168.0,92,5.08,43832,356168
600000,81,534122.0,92,5.08,65878,534122
800000,81,712018.0,92,5.08,87982,712018
1000000,81,890225.0,92,5.08,109775,890225
2,82,2.0,1,0.04,0,2
3,82,3.0,2,0.13,0,3
100,82,89.0,25,1.35,11,89
200,82,171.0,27,1.48,29,171
2000,82,1774.0,29,1.56,226,1774
10000,82,8889.0,29,1.56,1111,8889
20000,82,17776.0,29,1.56,2224,17776
40000,82,35531.0,29,1.56,4469,35531
60000,82,53374.0,29,1.56,6626,53374
80000,82,71206.0,29,1.56,8794,71206
100000,82,89062.0,29,1.56,10938,89062
200000,82,178223.0,29,1.56,21777,178223
400000,82,356152.0,29,1.56,43848,356152
600000,82,533990.0,29,1.56,66010,533990
800000,82,711975.0,29,1.56,88025,711975
1000000,82,889934.0,29,1.56,110066,889934
2,83,2.0,1,0.04,0,2
3,83,3.0,2,0.13,0,3
100,83,89.0,84,3.96,11,89
200,83,174.0,139,6.21,26,174
2000,83,1768.0,157,6.93,232,1768
10000,83,8894.0,157,6.93,1106,8894
20000,83,17709.0,158,6.97,2291,17709
40000,83,35549.0,158,6.97,4451,35549
60000,83,53309.0,158,6.97,6691,53309
80000,83,71022.0,158,6.97,8978,71022
100000,83,88818.0,158,6.97,11182,88818
200000,83,177905.0,158,6.97,22095,177905
400000,83,356109.0,158,6.97,43891,356109
600000,83,534236.0,158,6.97,65764,534236
800000,83,712030.0,158,6.97,87970,712030
1000000,83,890176.0,158,6.97,109824,890176
2,84,1.0,1,0.04,1,1
3,84,2.0,2,0.13,1,2
100,84,83.0,25,2.2,17,83
200,84,171.0,25,2.2,29,171
2000,84,1797.0,25,2.2,203,1797
10000,84,8957.0,25,2.2,1043,8957
20000,84,17861.0,25,2.2,2139,17861
40000,84,35647.0,25,2.2,4353,35647
60000,84,53380.0,25,2.2,6620,53380
80000,84,71155.0,25,2.2,8845,71155
100000,84,88955.0,25,2.2,11045,88955
200000,84,177969.0,25,2.2,22031,177969
400000,84,355930.0,25,2.2,44070,355930
600000,84,533815.0,25,2.2,66185,533815
800000,84,711784.0,25,2.2,88216,711784
1000000,84,889580.0,25,2.2,110420,889580
2,85,1.0,1,0.04,1,1
3,85,2.0,2,0.13,1,2
100,85,87.0,99,4.86,13,87
200,85,175.0,199,8.86,25,175
2000,85,1725.0,1999,80.96,275,1725
10000,85,8515.0,9999,400.96,1485,8515
20000,85,17006.0,19999,800.96,2994,17006
40000,85,34100.0,39999,1600.96,5900,34100
60000,85,51032.0,59999,2400.96,8968,51032
80000,85,68062.0,79999,3200.96,11938,68062
100000,85,85117.0,99999,4000.96,14883,85117
200000,85,170079.0,199999,8000.96,29921,170079
400000,85,339935.0,399999,16000.96,60065,339935
600000,85,509635.0,599999,24000.96,90365,509635
800000,85,679490.0,799999,32000.96,120510,679490
1000000,85,849662.0,999999,40000.96,150338,849662
2,86,2.0,1,0.04,0,2
3,86,3.0,2,0.13,0,3
100,86,86.0,33,1.97,14,86
200,86,174.0,47,2.53,26,174
2000,86,1795.0,48,2.62,205,1795
10000,86,8922.0,48,2.62,1078,8922
20000,86,17793.0,48,2.62,2207,17793
40000,86,35508.0,48,2.62,4492,35508
60000,86,53290.0,48,2.62,6710,53290
80000,86,71126.0,48,2.62,8874,71126
100000,86,88924.0,48,2.62,11076,88924
200000,86,177942.0,48,2.62,22058,177942
400000,86,355980.0,48,2.62,44020,355980
600000,86,533941.0,48,2.62,66059,533941
800000,86,712097.0,48,2.62,87903,712097
1000000,86,889827.0,48,2.62,110173,889827
2,87,2.0,1,0.04,0,2
3,87,3.0,2,0.13,0,3
100,87,90.0,9,0.61,10,90
200,87,184.0,9,0.61,16,184
2000,87,1790.0,9,0.61,210,1790
10000,87,8887.0,9,0.61,1113,8887
20000,87,17750.0,9,0.61,2250,17750
40000,87,35552.0,9,0.61,4448,35552
60000,87,53325.0,9,0.61,6675,53325
80000,87,71089.0,9,0.61,8911,71089
100000,87,88847.0,9,0.61,11153,88847
200000,87,177819.0,9,0.61,22181,177819
400000,87,355875.0,9,0.61,44125,355875
600000,87,533897.0,9,0.61,66103,533897
800000,87,711955.0,9,0.61,88045,711955
1000000,87,889891.0,9,0.61,110109,889891
2,88,2.0,1,0.04,0,2
3,88,2.0,2,0.13,1,2
100,88,88.0,30,1.25,12,88
200,88,177.0,40,1.65,23,177
2000,88,1766.0,248,9.97,234,1766
10000,88,8902.0,248,9.97,1098,8902
20000,88,17830.0,248,9.97,2170,17830
40000,88,35651.0,248,9.97,4349,35651
60000,88,53381.0,248,9.97,6619,53381
80000,88,71142.0,248,9.97,8858,71142
100000,88,88942.0,248,9.97,11058,88942
200000,88,177669.0,248,9.97,22331,177669
400000,88,355705.0,248,9.97,44295,355705
600000,88,533505.0,248,9.97,66495,533505
800000,88,711581.0,248,9.97,88419,711581
1000000,88,889716.0,248,9.97,110284,889716
2,89,2.0,1,0.04,0,2
3,89,3.0,2,0.13,0,3
100,89,84.0,15,0.8,16,84
200,89,168.0,19,0.96,32,168
2000,89,1779.0,19,0.96,221,1779
10000,89,8935.0,19,0.96,1065,8935
20000,89,17804.0,19,0.96,2196,17804
40000,89,35617.0,19,0.96,4383,35617
60000,89,53436.0,19,0.96,6564,53436
80000,89,71320.0,19,0.96,8680,71320
100000,89,89145.0,19,0.96,10855,89145
200000,89,178197.0,19,0.96,21803,178197
400000,89,356308.0,19,0.96,43692,356308
600000,89,534156.0,19,0.96,65844,534156
800000,89,712009.0,19,0.96,87991,712009
1000000,89,890106.0,19,0.96,109894,890106
2,90,1.0,1,0.04,1,1
3,90,2.0,2,0.13,1,2
100,90,86.0,32,2.83,14,86
200,90,178.0,32,2.83,22,178
2000,90,1765.0,41,3.64,235,1765
10000,90,8868.0,41,3.64,1132,8868
20000,90,17739.0,41,3.64,2261,17739
40000,90,35532.0,41,3.64,4468,35532
60000,90,53360.0,41,3.64,6640,53360
80000,90,71153.0,41,3.64,8847,71153
100000,90,88897.0,41,3.64,11103,88897
200000,90,177837.0,41,3.64,22163,177837
400000,90,355692.0,41,3.64,44308,355692
600000,90,533518.0,41,3.64,66482,533518
800000,90,711626.0,41,3.64,88374,711626
1000000,90,889750.0,41,3.64,110250,889750
2,91,2.0,1,0.04,0,2
3,91,3.0,2,0.13,0,3
100,91,80.0,21,1.54,20,80
200,91,169.0,59,3.06,31,169
2000,91,1751.0,59,3.06,249,1751
10000,91,8806.0,59,3.06,1194,8806
20000,91,17665.0,59,3.06,2335,17665
40000,91,35559.0,59,3.06,4441,35559
60000,91,53378.0,59,3.06,6622,53378
80000,91,71225.0,59,3.06,8775,71225
100000,91,88993.0,59,3.06,11007,88993
200000,91,177998.0,59,3.06,22002,177998
400000,91,356241.0,59,3.06,43759,356241
600000,91,534202.0,59,3.06,65798,534202
800000,91,712345.0,59,3.06,87655,712345
1000000,91,890111.0,59,3.06,109889,890111
2,92,1.0,1,0.04,1,1
3,92,1.0,2,0.13,2,1
100,92,89.0,2,0.13,11,89
200,92,174.0,2,0.13,26,174
2000,92,1767.0,2,0.13,233,1767
10000,92,8862.0,2,0.13,1138,8862
20000,92,17851.0,2,0.13,2149,17851
40000,92,35643.0,2,0.13,4357,35643
60000,92,53431.0,2,0.13,6569,53431
80000,92,71277.0,2,0.13,8723,71277
100000,92,89173.0,2,0.13,10827,89173
200000,92,178165.0,2,0.13,21835,178165
400000,92,356172.0,2,0.13,43828,356172
600000,92,534326.0,2,0.13,65674,534326
800000,92,712209.0,2,0.13,87791,712209
1000000,92,890060.0,2,0.13,109940,890060
2,93,2.0,1,0.04,0,2
3,93,2.0,2,0.13,1,2
100,93,89.0,32,1.33,11,89
200,93,183.0,32,1.33,17,183
2000,93,1796.0,32,1.33,204,1796
10000,93,8938.0,95,3.85,1062,8938
20000,93,17825.0,99,4.01,2175,17825
40000,93,35656.0,99,4.01,4344,35656
60000,93,53425.0,99,4.01,6575,53425
80000,93,71251.0,99,4.01,8749,71251
100000,93,89037.0,99,4.01,10963,89037
200000,93,177885.0,99,4.01,22115,177885
400000,93,355967.0,99,4.01,44033,355967
600000,93,533933.0,99,4.01,66067,533933
800000,93,711862.0,99,4.01,88138,711862
1000000,93,890035.0,99,4.01,109965,890035
2,94,2.0,1,0.04,0,2
3,94,3.0,2,0.13,0,3
100,94,88.0,36,1.74,12,88
200,94,181.0,36,1.74,19,181
2000,94,1785.0,41,1.94,215,1785
10000,94,8895.0,41,1.94,1105,8895
20000,94,17838.0,41,1.94,2162,17838
40000,94,35726.0,41,1.94,4274,35726
60000,94,53569.0,41,1.94,6431,53569
80000,94,71339.0,41,1.94,8661,71339
100000,94,89233.0,41,1.94,10767,89233
200000,94,178313.0,41,1.94,21687,178313
400000,94,356354.0,41,1.94,43646,356354
600000,94,534324.0,41,1.94,65676,534324
800000,94,712505.0,41,1.94,87495,712505
1000000,94,890436.0,41,1.94,109564,890436
2,95,2.0,1,0.04,0,2
3,95,3.0,2,0.13,0,3
100,95,85.0,9,0.61,15,85
200,95,177.0,9,0.61,23,177
2000,95,1770.0,9,0.61,230,1770
10000,95,8868.0,9,0.61,1132,8868
20000,95,17749.0,9,0.61,2251,17749
40000,95,35492.0,9,0.61,4508,35492
60000,95,53262.0,9,0.61,6738,53262
80000,95,71039.0,9,0.61,8961,71039
100000,95,88731.0,9,0.61,11269,88731
200000,95,177628.0,9,0.61,22372,177628
400000,95,355689.0,9,0.61,44311,355689
600000,95,533579.0,9,0.61,66421,533579
800000,95,711591.0,9,0.61,88409,711591
1000000,95,889519.0,9,0.61,110481,889519
2,96,1.0,1,0.04,1,1
3,96,2.0,2,0.13,1,2
100,96,78.0,99,5.06,22,78
200,96,162.0,199,9.06,38,162
2000,96,1663.0,1999,81.06,337,1663
10000,96,8486.0,9999,401.06,1514,8486
20000,96,17019.0,19999,801.06,2981,17019
40000,96,34056.0,39999,1601.06,5944,34056
60000,96,51017.0,59999,2401.06,8983,51017
80000,96,68072.0,79999,3201.06,11928,68072
100000,96,85092.0,99999,4001.06,14908,85092
200000,96,170007.0,199999,8001.06,29993,170007
400000,96,339899.0,399999,16001.06,60101,339899
600000,96,510179.0,599999,24001.06,89821,510179
800000,96,680129.0,799999,32001.06,119871,680129
1000000,96,850179.0,999999,40001.06,149821,850179
2,97,1.0,1,0.04,1,1
3,97,1.0,2,0.13,2,1
100,97,84.0,99,4.01,16,84
200,97,165.0,199,8.01,35,165
2000,97,1685.0,1999,80.01,315,1685
10000,97,8512.0,9999,400.01,1488,8512
20000,97,16957.0,19999,800.01,3043,16957
40000,97,34044.0,39999,1600.01,5956,34044
60000,97,50964.0,59999,2400.01,9036,50964
80000,97,67955.0,79999,3200.01,12045,67955
100000,97,84825.0,99999,4000.01,15175,84825
200000,97,169926.0,199999,8000.01,30074,169926
400000,97,340168.0,399999,16000.01,59832,340168
600000,97,510350.0,599999,24000.01,89650,510350
800000,97,679979.0,799999,32000.01,120021,679979
1000000,97,849827.0,999999,40000.01,150173,849827
2,98,1.0,1,0.04,1,1
3,98,2.0,2,0.13,1,2
100,98,90.0,23,2.02,10,90
200,98,182.0,24,2.11,18,182
2000,98,1779.0,27,2.38,221,1779
10000,98,8934.0,27,2.38,1066,8934
20000,98,17819.0,27,2.38,2181,17819
40000,98,35647.0,27,2.38,4353,35647
60000,98,53491.0,27,2.38,6509,53491
80000,98,71357.0,27,2.38,8643,71357
100000,98,89087.0,27,2.38,10913,89087
200000,98,178097.0,27,2.38,21903,178097
400000,98,356222.0,27,2.38,43778,356222
600000,98,534129.0,27,2.38,65871,534129
800000,98,712104.0,27,2.38,87896,712104
1000000,98,889960.0,27,2.38,110040,889960
2,99,2.0,1,0.04,0,2
3,99,3.0,2,0.13,0,3
100,99,84.0,46,2.64,16,84
200,99,174.0,46,2.64,26,174
2000,99,1790.0,46,2.64,210,1790
10000,99,8852.0,46,2.64,1148,8852
20000,99,17718.0,46,2.64,2282,17718
40000,99,35486.0,46,2.64,4514,35486
60000,99,53304.0,46,2.64,6696,53304
80000,99,71113.0,46,2.64,8887,71113
100000,99,88871.0,46,2.64,11129,88871
200000,99,178069.0,46,2.64,21931,178069
400000,99,356094.0,46,2.64,43906,356094
600000,99,533996.0,46,2.64,66004,533996
800000,99,711982.0,46,2.64,88018,711982
1000000,99,890006.0,46,2.64,109994,890006
2,100,1.0,1,0.04,1,1
3,100,1.0,2,0.13,2,1
100,100,87.0,2,0.13,13,87
200,100,174.0,2,0.13,26,174
2000,100,1765.0,2,0.13,235,1765
10000,100,8846.0,2,0.13,1154,8846
20000,100,17794.0,2,0.13,2206,17794
40000,100,35518.0,2,0.13,4482,35518
60000,100,53396.0,2,0.13,6604,53396
80000,100,71208.0,2,0.13,8792,71208
100000,100,88986.0,2,0.13,11014,88986
200000,100,178041.0,2,0.13,21959,178041
400000,100,356220.0,2,0.13,43780,356220
600000,100,534188.0,2,0.13,65812,534188
800000,100,712226.0,2,0.13,87774,712226
1000000,100,890487.0,2,0.13,109513,890487
